NUMBER,SHDFAC,NROOT,RS,RGL,HS,SNUP,MAXALB,LAIMIN,LAIMAX,EMISSMIN,EMISSMAX,ALBEDOMIN,ALBEDOMAX,Z0MIN,Z0MAX,ROOTA,ROOTB,TYPE
1,      .70,   4,    125.,    30.,   47.35,   0.08,    52.,    5.00,   6.40,   .950,    .950,     .12,      .12,      .50,     .50,    6.706,  2.175,  'Evergreen Needleleaf Forest'
2,      .95,   4,    150.,    30.,   41.69,   0.08,    35.,    3.08,   6.48,   .950,    .950,     .12,      .12,      .50,     .50,    7.344,  1.303,  'Evergreen Broadleaf Forest'
3,      .70,   4,    150.,    30.,   47.35,   0.08,    54.,    1.00,   5.16,   .930,    .940,     .14,      .15,      .50,     .50,    7.066,  1.953,  'Deciduous Needleleaf Forest'
4,      .80,   4,    100.,    30.,   54.53,   0.08,    58.,    1.85,   3.31,   .930,    .930,     .16,      .17,      .50,     .50,    5.99,   1.955,  'Deciduous Broadleaf Forest'
5,      .80,   4,    125.,    30.,   51.93,   0.08,    53.,    2.80,   5.50,   .930,    .970,     .17,      .25,      .20,     .50,    4.453,  1.631,  'Mixed Forests'
6,      .70,   3,    300.,   100.,   42.00,   0.03,    60.,    0.50,   3.66,   .930,    .930,     .25,      .30,      .01,     .05,    6.326,  1.567,  'Closed Shrublands'
7,      .70,   3,    170.,   100.,   39.18,  0.035,    65.,    0.60,   2.60,   .930,    .950,     .22,      .30,      .01,     .06,    7.718,  1.262,  'Open Shrublands'
8,      .70,   3,    300.,   100.,   42.00,   0.03,    60.,    0.50,   3.66,   .930,    .930,     .25,      .30,      .01,     .05,    7.604,  2.3,  'Woody Savannas'
9,      .50,   3,     70.,    65.,   54.53,   0.04,    50.,    0.50,   3.66,   .920,    .920,     .20,      .20,      .15,     .15,    8.235,  1.627,  'Savannas'
10,     .80,   3,     40.,   100.,   36.35,   0.04,    70.,    0.52,   2.90,   .920,    .960,     .19,      .23,      .011,     .035,    10.74,  2.608,  'Grasslands'
11,     .60,   2,     70.,    65.,   55.97,  0.015,    59.,    1.75,   5.72,   .950,    .950,     .14,      .14,      .011,     .035,    10.74,  2.608,  'Permanent wetlands'
12,     .80,   3,     40.,   100.,   36.25,   0.04,    66.,    1.56,   5.68,   .920,    .985,     .17,      .23,      .05,     .15,    5.558,  2.614,  'Croplands'
13,     .10,   1,    200.,   999.,   999.0,   0.04,    46.,    1.00,   1.00,   .880,    .880,     .15,      .15,      .50,     .50,    5.558,  2.614,  'Urban and Built-Up'
14,     .80,   3,     40.,   100.,   36.25,   0.04,    68.,    2.29,   4.29,   .920,    .980,     .18,      .23,      .05,     .14,    5.558,  2.614,  'cropland/natural vegetation mosaic'
15,     .00,   1,    999.,   999.,   999.0,   0.02,    82.,    0.01,   0.01,   .950,    .950,     .55,      .70,    0.001,   0.001,    10.74,  2.608,  'Snow and Ice'
16,     .01,   1,    999.,   999.,   999.0,   0.02,    75.,    0.10,   0.75,   .900,    .900,     .38,      .38,      .01,     .01,    4.372,  0.978,  'Barren or Sparsely Vegetated'
17,     .00,   0,    100.,    30.,   51.75,   0.01,    70.,    0.01,   0.01,   .980,    .980,     .08,      .08,   0.0001,  0.0001,    10.74,  2.608,  'Water'
18,     .60,   3,    150.,   100.,   42.00,  0.025,    55.,    0.41,   3.35,   .930,    .930,     .15,      .20,      .30,     .30,    7.604,  2.3,  'Wooded Tundra'
19,     .60,   3,    150.,   100.,   42.00,  0.025,    60.,    0.41,   3.35,   .920,    .920,     .15,      .20,      .15,     .15,    4.453,  1.631,  'Mixed Tundra'
20,     .30,   2,    200.,   100.,   42.00,   0.02,    75.,    0.41,   3.35,   .900,    .900,     .25,      .25,      .05,     .10,    4.372,  0.978,  'Barren Tundra'


